0.000000 1.845193 nan 0.000837 3.144730 0.164071 0.614879 743.724548 -nan 0 2.266848 1244209.000000
0.010000 1.906976 nan 0.003248 3.153756 0.315079 1.178498 725.927490 -nan 0 0.407840 81536.000000
0.020000 1.884929 nan 0.007071 3.168033 0.446932 1.665906 712.035583 -nan 0 0.406381 81196.000000
0.030000 1.929288 nan 0.012156 3.186939 0.567581 2.104982 700.335083 -nan 0 0.417441 80655.000000
0.040000 1.904837 nan 0.018365 3.209889 0.672052 2.475339 686.297302 -nan 0 0.413829 82560.000000
0.050000 1.908283 nan 0.025558 3.236267 0.764534 2.791151 673.826355 -nan 0 0.404340 81598.000000
0.060000 1.901362 nan 0.033616 3.265526 0.845353 3.052371 662.493591 -nan 0 0.405826 81845.000000
0.070000 1.931621 nan 0.042446 3.297203 0.919034 3.274805 652.272400 -nan 0 0.410997 84594.000000
0.080000 1.908204 nan 0.051956 3.330827 0.981559 3.442740 641.563354 -nan 0 0.407573 82221.000000
0.090000 1.920847 nan 0.062056 3.365936 1.037338 3.571977 632.443115 -nan 0 0.402767 79972.000000
0.100000 1.907240 nan 0.072673 3.402110 1.084806 3.656503 623.285278 -nan 0 0.409178 80810.000000
0.110000 1.912710 nan 0.083734 3.438952 1.126601 3.705915 615.930725 -nan 0 0.408338 80235.000000
0.120000 1.927184 nan 0.095193 3.476137 1.164188 3.725604 610.596802 -nan 0 0.410227 80665.000000
0.130000 1.933764 nan 0.107005 3.513367 1.197407 3.715264 605.722412 -nan 0 0.404446 80160.000000
0.140000 1.931596 nan 0.119125 3.550341 1.226066 3.674710 600.700195 -nan 0 0.402134 81045.000000
0.150000 1.917004 nan 0.131507 3.586750 1.249702 3.603047 598.625061 -nan 0 0.407352 82732.000000
0.160000 1.889011 nan 0.144097 3.622281 1.267842 3.499616 596.057312 -nan 0 0.405425 81220.000000
0.170000 1.916256 nan 0.156868 3.656714 1.285958 3.383590 595.812744 -nan 0 0.422432 82670.000000
0.180000 1.912725 nan 0.169807 3.689884 1.301506 3.247308 596.324097 -nan 0 0.408333 82791.000000
0.190000 1.908843 nan 0.182890 3.721598 1.314843 3.092839 599.449158 -nan 0 0.408244 80901.000000
0.200000 1.957431 nan 0.196120 3.751755 1.330736 2.935941 603.603638 -nan 0 0.413387 82906.000000
0.210000 1.899133 nan 0.209474 3.780190 1.339954 2.748887 606.650879 -nan 0 0.408288 83347.000000
0.220000 1.966102 nan 0.222944 3.806780 1.353837 2.567050 613.293762 -nan 0 0.412643 82255.000000
0.230000 1.915735 nan 0.236525 3.831426 1.362089 2.360509 619.460876 -nan 0 0.404556 82951.000000
0.240000 1.857031 nan 0.250159 3.853888 1.364702 2.130655 627.636597 -nan 0 0.408106 83907.000000
0.250000 1.824721 nan 0.263805 3.873980 1.364534 1.886911 637.427307 -nan 0 0.421143 85174.000000
0.260000 1.849429 nan 0.277460 3.891639 1.366627 1.644262 648.797729 -nan 0 0.405594 83596.000000
0.270000 1.819640 nan 0.291124 3.906815 1.366223 1.390299 661.325500 -nan 0 0.410588 83911.000000
0.280000 1.827876 nan 0.304789 3.919445 1.366719 1.135080 676.261658 -nan 0 0.417751 84747.000000
0.290000 1.887921 nan 0.318484 3.929575 1.372259 0.890272 689.226196 -nan 0 0.410121 84431.000000
0.300000 1.907635 nan 0.332241 3.937260 1.378957 0.646070 702.950500 -nan 0 0.409687 83556.000000
0.310000 1.809970 nan 0.346021 3.942378 1.377019 0.377498 712.704407 -nan 0 0.414381 84201.000000
0.320000 0.291571 nan 0.359147 3.943153 1.250619 -0.216502 704.214539 -nan 0 0.404563 83873.000000
0.330000 -0.655122 nan 0.370680 3.937126 1.059405 -0.980155 700.343994 -nan 0 0.407815 84645.000000
0.340000 -1.132269 nan 0.380199 3.923183 0.848100 -1.799354 696.245361 -nan 0 0.410611 85360.000000
0.350000 -1.381198 nan 0.387606 3.901026 0.636937 -2.623463 690.636353 -nan 0 0.407484 84338.000000
0.360000 -1.441271 nan 0.392980 3.870806 0.441024 -3.412769 682.194336 -nan 0 0.408637 84655.000000
0.370000 -1.596717 nan 0.396422 3.832734 0.250563 -4.193856 672.192993 -nan 0 0.411654 85938.000000
0.380000 -1.441062 nan 0.398117 3.787273 0.090922 -4.891422 660.216858 -nan 0 0.412073 86639.000000
0.390000 -1.745717 nan 0.398159 3.734649 -0.079642 -5.625490 647.353516 -nan 0 0.406226 85568.000000
0.400000 -1.855823 nan 0.396530 3.674773 -0.243500 -6.341177 631.567200 -nan 0 0.411729 85964.000000
0.410000 -1.814118 nan 0.393360 3.608060 -0.387825 -6.992258 613.840149 -nan 0 0.413132 87007.000000
0.420000 -1.874600 nan 0.388796 3.535025 -0.522571 -7.604681 595.127747 -nan 0 0.416193 87211.000000
0.430000 -1.929728 nan 0.382934 3.456092 -0.647279 -8.170664 572.222107 -nan 0 0.415623 86121.000000
0.440000 -1.941077 nan 0.375895 3.371830 -0.757970 -8.669254 548.396240 -nan 0 0.411156 86717.000000
0.450000 -1.929796 nan 0.367829 3.282984 -0.852814 -9.086645 521.975220 -nan 0 0.410719 85909.000000
0.460000 -1.948296 nan 0.358879 3.190341 -0.934913 -9.427977 493.517853 -nan 0 0.416080 88047.000000
0.470000 -1.929505 nan 0.349186 3.094743 -1.001315 -9.677305 462.801147 -nan 0 0.429504 89350.000000
0.480000 -1.949941 nan 0.338886 2.997044 -1.056549 -9.848350 432.303192 -nan 0 0.411852 87590.000000
0.490000 -1.946405 nan 0.328097 2.898058 -1.099441 -9.935292 402.260406 -nan 0 0.413795 86529.000000
0.500000 -1.947761 nan 0.316932 2.798592 -1.131943 -9.945704 373.873413 -nan 0 0.412491 87049.000000
0.510000 -1.934612 nan 0.305493 2.699395 -1.154472 -9.883107 347.783661 -nan 0 0.409374 87405.000000
0.520000 -1.955413 nan 0.293856 2.601097 -1.171867 -9.767146 323.252075 -nan 0 0.420913 87709.000000
0.530000 -1.917774 nan 0.282090 2.504273 -1.180666 -9.590330 299.784912 -nan 0 0.416803 88604.000000
0.540000 -1.937842 nan 0.270246 2.409399 -1.187737 -9.378269 278.431091 -nan 0 0.414628 88407.000000
0.550000 -1.944886 nan 0.258340 2.316811 -1.193123 -9.134385 258.163666 -nan 0 0.419618 90989.000000
0.560000 -1.884597 nan 0.246412 2.226863 -1.192452 -8.851674 239.347137 -nan 0 0.416843 84502.000000
0.570000 -1.845531 nan 0.234506 2.139875 -1.189009 -8.543281 222.819397 -nan 0 0.410355 83388.000000
0.580000 -1.837478 nan 0.222631 2.056048 -1.186263 -8.220173 207.504807 -nan 0 0.415531 90687.000000
0.590000 -1.816876 nan 0.210783 1.975521 -1.183670 -7.883933 193.544937 -nan 0 0.430377 91374.000000
0.600000 -1.758155 nan 0.198974 1.898428 -1.178657 -7.533702 180.420258 -nan 0 0.423665 90719.000000
0.610000 -1.690244 nan 0.187228 1.824892 -1.171090 -7.173122 168.773773 -nan 0 0.414948 89159.000000
0.620000 -1.576567 nan 0.175586 1.755011 -1.157911 -6.803276 158.456680 -nan 0 0.414955 89366.000000
0.630000 -1.374014 nan 0.164136 1.688872 -1.132971 -6.425480 149.694382 -nan 0 0.412610 90809.000000
0.640000 -1.361433 nan 0.152915 1.626487 -1.112031 -6.052156 141.832489 -nan 0 0.417892 90328.000000
0.650000 -1.116329 nan 0.141976 1.567829 -1.076770 -5.680898 135.105072 -nan 0 0.416462 91767.000000
0.660000 -0.865605 nan 0.131458 1.512839 -1.028005 -5.318738 129.638443 -nan 0 0.413607 92014.000000
0.670000 -0.394449 nan 0.121577 1.461373 -0.949900 -4.976599 124.554237 -nan 0 0.412788 91164.000000
0.680000 0.015629 nan 0.112589 1.413192 -0.849662 -4.661994 121.434448 -nan 0 0.413983 90341.000000
0.690000 -0.337051 nan 0.104408 1.368181 -0.787889 -4.341558 118.983078 -nan 0 0.415148 93782.000000
0.700000 0.215225 nan 0.097023 1.326164 -0.690918 -4.063460 116.846596 -nan 0 0.432242 93870.000000
0.710000 0.337329 nan 0.090602 1.286841 -0.595074 -3.802229 115.529160 -nan 0 0.413863 90894.000000
0.720000 0.589404 nan 0.085187 1.249992 -0.489972 -3.568391 114.655022 -nan 0 0.415875 90624.000000
0.730000 0.996878 nan 0.080928 1.215263 -0.364169 -3.377820 114.907143 -nan 0 0.422825 92109.000000
0.740000 0.968212 nan 0.077849 1.182445 -0.253499 -3.185899 114.276436 -nan 0 0.418700 91475.000000
0.750000 1.164447 nan 0.075898 1.151431 -0.138837 -3.016560 115.054604 -nan 0 0.418620 92323.000000
0.760000 1.338514 nan 0.075103 1.122012 -0.022184 -2.866747 116.304337 -nan 0 0.418583 92904.000000
0.770000 1.265369 nan 0.075385 1.094158 0.076846 -2.703310 117.096962 -nan 0 0.430134 93362.000000
0.780000 1.540819 nan 0.076717 1.067766 0.187542 -2.573968 119.220795 -nan 0 0.418551 93480.000000
0.790000 1.803472 nan 0.079205 1.042507 0.307891 -2.476432 121.088966 -nan 0 0.423296 93245.000000
0.800000 1.629222 nan 0.082764 1.018404 0.402241 -2.342970 122.667946 -nan 0 0.419785 93793.000000
0.810000 1.818828 nan 0.087295 0.995520 0.502122 -2.232193 125.855728 -nan 0 0.430079 93647.000000
0.820000 1.633260 nan 0.092697 0.973948 0.576987 -2.080993 128.643173 -nan 0 0.421220 93717.000000
0.830000 1.854741 nan 0.098899 0.953732 0.661929 -1.960507 132.845413 -nan 0 0.416621 94301.000000
0.840000 1.831577 nan 0.105897 0.934791 0.736320 -1.826085 136.287247 -nan 0 0.418550 92108.000000
0.850000 1.739630 nan 0.113562 0.917325 0.795629 -1.665750 141.269547 -nan 0 0.416548 94986.000000
0.860000 1.846391 nan 0.121833 0.901400 0.857412 -1.517792 147.333923 -nan 0 0.432606 94412.000000
0.870000 1.814344 nan 0.130676 0.887030 0.910194 -1.354917 153.223938 -nan 0 0.425503 95627.000000
0.880000 1.957293 nan 0.140078 0.874187 0.969094 -1.211894 160.551300 -nan 0 0.420607 95596.000000
0.890000 1.912971 nan 0.150019 0.862869 1.018284 -1.050256 167.808060 -nan 0 0.421254 95207.000000
0.900000 1.874847 nan 0.160411 0.853249 1.059242 -0.872407 176.168869 -nan 0 0.412781 95122.000000
0.910000 1.931515 nan 0.171213 0.845388 1.100538 -0.698524 186.496338 -nan 0 0.419703 93730.000000
0.920000 1.913620 nan 0.182400 0.839325 1.136063 -0.512742 197.148438 -nan 0 0.441849 94941.000000
0.930000 1.924857 nan 0.193927 0.835146 1.168795 -0.321718 208.475281 -nan 0 0.416394 95071.000000
0.940000 1.928688 nan 0.205766 0.832912 1.198431 -0.123975 220.818954 -nan 0 0.430691 98682.000000
0.950000 1.930909 nan 0.217886 0.832689 1.225172 0.080663 234.552368 -nan 0 0.416229 96965.000000
0.960000 1.922198 nan 0.230256 0.834558 1.248443 0.294310 249.766251 -nan 0 0.423037 96629.000000
0.970000 1.945621 nan 0.242857 0.838574 1.271253 0.510029 266.231323 -nan 0 0.425053 96260.000000
0.980000 1.887387 nan 0.255650 0.844844 1.287011 0.744957 283.240906 -nan 0 0.429032 99192.000000
0.990000 1.939537 nan 0.268614 0.853439 1.305496 0.975271 302.463959 -nan 0 0.430865 96400.000000
1.000000 1.942442 nan 0.281755 0.864370 1.322443 1.212221 323.476166 -nan 0 0.424812 96457.000000
1.010000 1.926556 nan 0.295051 0.877723 1.336532 1.459555 343.825623 -nan 0 0.418632 94512.000000
1.020000 1.946229 nan 0.308490 0.893565 1.351007 1.709994 366.317627 -nan 0 0.425845 96226.000000
1.030000 1.937075 nan 0.322063 0.911957 1.363554 1.969578 390.290314 -nan 0 0.433241 97918.000000
1.040000 1.935308 nan 0.335757 0.932982 1.375050 2.236710 413.362030 -nan 0 0.419918 95080.000000
1.050000 1.962284 nan 0.349573 0.956690 1.388003 2.506306 438.188416 -nan 0 0.433867 96537.000000
1.060000 1.882115 nan 0.363482 0.983204 1.393768 2.797463 464.227600 -nan 0 0.421196 98363.000000
1.070000 1.911761 nan 0.377461 1.012635 1.402019 3.089765 490.919525 -nan 0 0.422455 97635.000000
1.080000 1.943975 nan 0.391535 1.044997 1.412810 3.383973 519.398499 -nan 0 0.419528 96803.000000
1.090000 1.916546 nan 0.405705 1.080361 1.421280 3.689848 545.711609 -nan 0 0.419385 95981.000000
1.100000 1.928806 nan 0.419967 1.118809 1.430975 4.001057 570.553589 -nan 0 0.424811 98175.000000
1.110000 1.932379 nan 0.434327 1.160404 1.441248 4.319085 594.536560 -nan 0 0.428810 97255.000000
1.120000 1.767282 nan 0.448727 1.205310 1.439065 4.662677 616.295593 -nan 0 0.418242 97707.000000
1.130000 1.640406 nan 0.463065 1.253733 1.428987 5.021963 635.503235 -nan 0 0.425706 99551.000000
1.140000 1.307443 nan 0.477186 1.305897 1.396154 5.409744 650.781555 -nan 0 0.419827 98832.000000
1.150000 0.732777 nan 0.490781 1.362114 1.324623 5.830456 664.790405 -nan 0 0.434029 100531.000000
1.160000 0.088308 nan 0.503459 1.422626 1.213357 6.266872 674.843872 -nan 0 0.421580 99330.000000
1.170000 -0.320282 nan 0.514935 1.487432 1.084703 6.688419 683.273132 -nan 0 0.427919 100451.000000
1.180000 -0.638928 nan 0.525081 1.556313 0.947266 7.081510 689.490112 -nan 0 0.421403 97842.000000
1.190000 -0.823518 nan 0.533863 1.628944 0.811965 7.438670 692.739624 -nan 0 0.430276 99175.000000
1.200000 -0.821210 nan 0.541373 1.704975 0.692582 7.762255 693.405823 -nan 0 0.418178 96947.000000
1.210000 -1.158100 nan 0.547629 1.784013 0.561032 8.039760 693.011658 -nan 0 0.424067 98231.000000
1.220000 -1.106469 nan 0.552662 1.865683 0.447854 8.289510 689.828796 -nan 0 0.426577 97212.000000
1.230000 -0.625492 nan 0.556817 1.949937 0.384385 8.558176 684.070740 -nan 0 0.430404 98419.000000
1.240000 -0.566710 nan 0.560398 2.036817 0.332852 8.814574 677.275085 -nan 0 0.420468 96721.000000
1.250000 -0.396168 nan 0.563561 2.126287 0.300595 9.076431 668.269775 -nan 0 0.421418 101304.000000
1.260000 0.491926 nan 0.566784 2.219033 0.343449 9.470459 658.022522 -nan 0 0.420185 95783.000000
1.270000 0.098767 nan 0.570257 2.315257 0.350912 9.770546 644.758545 -nan 0 0.424011 96391.000000
1.280000 0.762125 nan 0.574077 2.415090 0.412033 10.191563 629.557556 -nan 0 0.426091 98033.000000
1.290000 0.926877 nan 0.578546 2.519184 0.480333 10.621011 611.616150 -nan 0 0.423321 100100.000000
1.300000 1.356692 nan 0.583841 2.627947 0.576694 11.123093 590.897888 -nan 0 0.428622 101064.000000
1.310000 1.387279 nan 0.590050 2.741494 0.662897 11.575094 566.797241 -nan 0 0.421353 96792.000000
1.320000 1.570504 nan 0.597134 2.859487 0.751117 12.009547 539.959290 -nan 0 0.421749 98245.000000
1.330000 1.625395 nan 0.605042 2.981469 0.827729 12.370242 510.305084 -nan 0 0.423549 97756.000000
1.340000 1.535661 nan 0.613590 3.106394 0.878988 12.597264 477.209381 -nan 0 0.425499 100242.000000
1.350000 1.574478 nan 0.622586 3.233128 0.917627 12.731702 442.364532 -nan 0 0.420430 98335.000000
1.360000 1.460272 nan 0.631840 3.360488 0.931017 12.724512 407.166840 -nan 0 0.426244 99851.000000
1.370000 1.268434 nan 0.641082 3.487010 0.915993 12.568110 374.547607 -nan 0 0.438951 97371.000000
1.380000 1.085861 nan 0.650057 3.611357 0.878558 12.293554 345.096863 -nan 0 0.431700 98225.000000
1.390000 1.144122 nan 0.658672 3.732836 0.844155 11.996283 318.048126 -nan 0 0.427948 101133.000000
1.400000 0.983454 nan 0.666870 3.850976 0.795865 11.629522 292.467834 -nan 0 0.429417 98952.000000
1.410000 0.704263 nan 0.674483 3.965070 0.727848 11.190654 269.363953 -nan 0 0.424213 98294.000000
1.420000 0.893403 nan 0.681529 4.075015 0.682336 10.798552 248.778992 -nan 0 0.421506 99150.000000
1.430000 0.419051 nan 0.687955 4.180640 0.604594 10.330812 228.911926 -nan 0 0.420218 98367.000000
1.440000 0.083251 nan 0.693521 4.281472 0.510893 9.841940 211.951340 -nan 0 0.417034 98383.000000
1.450000 0.078707 nan 0.698213 4.377590 0.429625 9.386735 196.886597 -nan 0 0.427508 97590.000000
1.460000 0.007917 nan 0.702124 4.469269 0.354414 8.953629 182.181091 -nan 0 0.425540 99457.000000
1.470000 0.125328 nan 0.705384 4.556781 0.299133 8.551901 169.367706 -nan 0 0.424821 97393.000000
1.480000 -0.147998 nan 0.708029 4.640310 0.231649 8.157563 157.698105 -nan 0 0.421039 100037.000000
1.490000 -0.385248 nan 0.709957 4.719982 0.155881 7.780620 146.538483 -nan 0 0.425622 99375.000000
1.500000 -0.353733 nan 0.711194 4.795990 0.093030 7.423797 136.950058 -nan 0 0.437960 102554.000000
1.510000 -0.512738 nan 0.711786 4.868535 0.026968 7.088119 128.245255 -nan 0 0.431026 99101.000000
1.520000 -0.633301 nan 0.711716 4.937833 -0.039341 6.774014 119.664551 -nan 0 0.423343 99848.000000
1.530000 -0.613029 nan 0.711036 5.004053 -0.095265 6.471951 113.085709 -nan 0 0.418894 97257.000000
1.540000 -0.637714 nan 0.709827 5.067319 -0.145489 6.182946 105.411781 -nan 0 0.433140 99091.000000
1.550000 -0.975676 nan 0.708015 5.127927 -0.215343 5.940420 99.184372 -nan 0 0.425378 99743.000000
1.560000 -0.877935 nan 0.705587 5.186098 -0.269113 5.695022 93.215385 -nan 0 0.428214 99725.000000
1.570000 -0.879295 nan 0.702655 5.241854 -0.316243 5.457435 87.834572 -nan 0 0.423846 100226.000000
1.580000 -1.061993 nan 0.699208 5.295413 -0.372024 5.255450 82.882187 -nan 0 0.431060 100376.000000
1.590000 -1.077083 nan 0.695230 5.346995 -0.422471 5.061855 77.957733 -nan 0 0.423337 100709.000000
1.600000 -0.904462 nan 0.690849 5.396506 -0.452989 4.841226 73.772377 -nan 0 0.425986 100411.000000
1.610000 -0.983582 nan 0.686150 5.443919 -0.485981 4.642185 69.317566 -nan 0 0.441505 104274.000000
1.620000 -1.246094 nan 0.681033 5.489646 -0.536500 4.503852 65.855675 -nan 0 0.425890 99709.000000
1.630000 -0.852602 nan 0.675604 5.533563 -0.548892 4.280705 61.779591 -nan 0 0.432269 100852.000000
1.640000 -1.168348 nan 0.669928 5.575657 -0.585671 4.138690 58.764698 -nan 0 0.423771 100829.000000
1.650000 -1.24